Wavelength(nm)      SolarFlux(mW/m^2/nm)
1.00000000e+00      2.54558031e-21      
1.37500000e+00      1.60190307e-21      
2.12500000e+00      4.02841714e-15      
2.87500000e+00      1.93519172e-10      
3.62500000e+00      7.63690979e-09      
4.12500000e+00      4.97863257e-09      
4.37500000e+00      2.51474921e-08      
4.62500000e+00      6.21851679e-08      
4.87500000e+00      1.53617031e-08      
5.12500000e+00      3.11796283e-09      
5.37500000e+00      9.66466509e-10      
5.62500000e+00      2.62189811e-09      
5.87500000e+00      3.72551917e-09      
6.12500000e+00      5.65180026e-09      
6.37500000e+00      4.76527021e-09      
6.62500000e+00      3.43547512e-09      
6.87500000e+00      1.10642140e-08      
7.12500000e+00      1.32845994e-08      
7.37500000e+00      1.45374023e-08      
7.62500000e+00      7.37412772e-08      
7.87500000e+00      1.13210527e-07      
8.12500000e+00      3.03939272e-06      
8.37500000e+00      2.21822629e-06      
8.62500000e+00      9.86476651e-07      
8.87500000e+00      3.35421761e-07      
9.12500000e+00      5.81499876e-05      
9.37500000e+00      2.90059306e-04      
9.62500000e+00      1.17697655e-04      
9.87500000e+00      2.78988830e-06      
1.01250000e+01      3.98553669e-06      
1.03750000e+01      2.47144310e-06      
1.06250000e+01      2.00302705e-07      
1.08750000e+01      5.88440529e-08      
1.11250000e+01      7.06207507e-05      
1.13750000e+01      3.53009836e-04      
1.16250000e+01      1.43972393e-04      
1.18750000e+01      4.61409797e-06      
1.21000000e+01      5.27663703e-07      
1.23000001e+01      2.26662935e-07      
1.25000001e+01      1.59745166e-06      
1.27000002e+01      8.98055582e-07      
1.31125002e+01      9.97894013e-04      
1.37375002e+01      2.26471843e-05      
1.43625002e+01      5.96776383e-06      
1.49875002e+01      1.90837204e-05      
1.55875002e+01      7.52563719e-03      
1.61625003e+01      5.07614589e-03      
1.67375003e+01      5.49645951e-02      
1.73125004e+01      1.31232298e-01      
1.79625003e+01      2.01803171e-02      
1.86875002e+01      8.97129023e-03      
1.94125001e+01      6.72645031e-02      
2.01375000e+01      3.66043639e-03      
2.08250000e+01      9.40960984e-05      
2.14750001e+01      1.03271211e-01      
2.21250002e+01      4.34283780e-02      
2.27750003e+01      2.04859016e-02      
2.35875003e+01      3.82778690e-03      
2.45625002e+01      8.25499212e+00      
2.55375001e+01      1.73892813e-03      
2.65125000e+01      1.28078061e-03      
2.71250000e+01      6.17725973e-03      
2.73750000e+01      5.74837627e-04      
2.76250000e+01      6.24094841e-04      
2.78750000e+01      5.60978507e-02      
2.82500000e+01      1.38800353e-01      
2.87500000e+01      1.70228099e-01      
2.92500000e+01      1.96323588e+00      
2.97500000e+01      9.71820507e-03      
3.02500000e+01      1.17603302e-02      
3.07500000e+01      1.03244863e+00      
3.12500000e+01      2.12022014e+00      
3.17500000e+01      6.13738386e-02      
3.22500000e+01      5.48159407e-02      
3.27500000e+01      3.83723134e-01      
3.32500000e+01      1.62638825e-01      
3.37500000e+01      7.59507035e-02      
3.42500000e+01      6.78428010e-02      
3.47500000e+01      2.06087184e-02      
3.52500000e+01      1.66158327e+00      
3.57500000e+01      1.17843760e+00      
3.61250000e+01      6.12355274e-01      
3.63750000e+01      2.49088217e-02      
3.66250000e+01      4.24429219e-01      
3.68750000e+01      2.28899913e-03      
3.73750000e+01      1.39843699e-01      
3.81250000e+01      1.06631391e-02      
3.88750000e+01      1.79860123e+00      
3.96250000e+01      5.74949955e+00      
4.03750000e+01      5.27392273e+01      
4.11250000e+01      2.84453934e-01      
4.18750000e+01      2.89013850e+00      
4.26250000e+01      1.98781055e-01      
4.33750000e+01      2.80669156e+00      
4.41250000e+01      7.66424777e-01      
4.48750000e+01      2.94859446e-01      
4.56250000e+01      3.51387029e-01      
4.62500000e+01      2.37226962e-01      
4.67500000e+01      3.17228479e+01      
4.72500000e+01      3.20465617e-01      
4.77500000e+01      2.94171855e-01      
4.82500000e+01      1.46586537e+01      
4.87500000e+01      5.98752354e-01      
4.92500000e+01      1.44217632e+00      
4.97500000e+01      6.80659153e-01      
5.02500000e+01      7.96750314e-01      
5.07500000e+01      1.77412535e-02      
5.12500000e+01      1.41986535e-03      
5.17500000e+01      7.54197585e-03      
5.22500000e+01      5.68297106e-02      
5.27500000e+01      1.20962801e-03      
5.32500000e+01      1.70562961e-03      
5.37500000e+01      2.20747874e-01      
5.42500000e+01      1.66456751e+00      
5.47500000e+01      7.04080962e-04      
5.52500000e+01      4.02987760e-02      
5.57500000e+01      3.20182955e+01      
5.62500000e+01      7.88250957e+00      
5.67500000e+01      3.06606606e+00      
5.72500000e+01      1.74938302e+01      
5.77500000e+01      1.70024255e-03      
5.82500000e+01      3.43821469e+00      
5.87500000e+01      1.83883085e-02      
5.92500000e+01      5.01996038e-01      
5.97500000e+01      1.98523090e+00      
6.02500000e+01      1.72184737e-03      
6.07500000e+01      1.19692311e-03      
6.12500000e+01      1.23077949e-03      
6.17500000e+01      7.76742854e-03      
6.21250000e+01      1.04258258e-03      
6.23750000e+01      2.46453999e-02      
6.26250000e+01      1.04753018e-03      
6.28750000e+01      5.11978215e+01      
6.36250000e+01      1.22723331e-01      
6.48750000e+01      2.22203024e-02      
6.61250000e+01      8.14197229e-03      
6.73750000e+01      5.94245588e-03      
6.83750000e+01      1.63823201e+00      
6.91250000e+01      5.18930663e-02      
6.98750000e+01      3.04025849e-03      
7.06250000e+01      7.05242660e-03      
7.13750000e+01      2.17656934e-02      
7.21250000e+01      8.84344858e-03      
7.28750000e+01      9.72579621e-03      
7.36250000e+01      1.03587553e-02      
7.43750000e+01      1.23552187e-02      
7.51250000e+01      1.68436771e-02      
7.58750000e+01      1.56943510e+00      
7.66250000e+01      2.22614018e-02      
7.71250000e+01      2.47981873e-02      
7.73750000e+01      2.64089319e-02      
7.76250000e+01      3.70891536e-02      
7.78750000e+01      3.01227253e-02      
7.81250000e+01      3.24327143e-02      
7.83750000e+01      3.44998387e-02      
7.86250000e+01      4.03825363e-02      
7.88750000e+01      3.92069155e-02      
7.91250000e+01      4.26990950e-02      
7.93750000e+01      4.46794987e-02      
7.96250000e+01      5.33868218e-02      
7.98750000e+01      5.63750728e-02      
8.03750000e+01      6.29038723e-02      
8.11250000e+01      7.24286776e-02      
8.18750000e+01      9.55916193e-02      
8.26250000e+01      9.89421045e-02      
8.30749998e+01      1.11462783e-01      
8.32249994e+01      1.15162933e-01      
8.33749990e+01      1.12826214e-01      
8.35249987e+01      1.23027173e-01      
8.38999987e+01      1.38378985e-01      
8.44999990e+01      1.50864244e-01      
8.50999994e+01      1.75708714e-01      
8.56999998e+01      2.08191080e-01      
8.60625000e+01      2.22358873e-01      
8.61875000e+01      2.46010345e-01      
8.63125000e+01      2.29533076e-01      
8.64375000e+01      2.26492270e-01      
8.65625000e+01      2.55136723e-01      
8.66875000e+01      2.37758108e-01      
8.68125000e+01      2.44492759e-01      
8.69375000e+01      2.50227093e-01      
8.70625000e+01      2.58677430e-01      
8.71875000e+01      2.74897752e-01      
8.73125000e+01      3.02723302e-01      
8.74375000e+01      2.77204179e-01      
8.75625000e+01      2.88805486e-01      
8.76875000e+01      2.90958490e-01      
8.78125000e+01      2.98345211e-01      
8.79375000e+01      3.05328560e-01      
8.80625000e+01      3.13434749e-01      
8.81875000e+01      3.22346203e-01      
8.83125000e+01      3.44822687e-01      
8.84375000e+01      3.41385373e-01      
8.85625000e+01      3.48057834e-01      
8.86875000e+01      3.60247162e-01      
8.88125000e+01      3.64016662e-01      
8.89375000e+01      3.72335874e-01      
8.90625000e+01      3.81926997e-01      
8.91875000e+01      3.91868556e-01      
8.93125000e+01      1.21335011e+00      
8.94375000e+01      4.27610445e-01      
8.95625000e+01      4.20593661e-01      
8.96875000e+01      4.41679035e-01      
8.98125000e+01      4.45601749e-01      
8.99375000e+01      4.53556159e-01      
9.00625000e+01      5.03050049e-01      
9.01875000e+01      5.15813370e-01      
9.03125000e+01      4.95710899e-01      
9.04375000e+01      6.68933677e-01      
9.05749998e+01      5.11636128e-01      
9.07249994e+01      5.31583235e-01      
9.08749990e+01      5.38725089e-01      
9.10249987e+01      5.53849188e-01      
9.11499987e+01      5.65664158e-01      
9.12499990e+01      5.79738500e-01      
9.13499994e+01      5.49863537e-01      
9.14499998e+01      4.51362150e-01      
9.15625000e+01      2.11204084e-01      
9.16875000e+01      2.56634380e-01      
9.18125000e+01      1.50792165e-01      
9.19375000e+01      1.62993019e-01      
9.20375004e+01      2.03922238e-02      
9.21125011e+01      2.34725876e-01      
9.21875019e+01      2.80499358e-02      
9.22625027e+01      2.00997247e-02      
9.23500023e+01      1.44294322e-01      
9.24500008e+01      4.07727779e-03      
9.25499992e+01      6.73950269e-04      
9.26499977e+01      1.53192507e-01      
9.27374973e+01      2.55398530e-03      
9.28124981e+01      7.70938171e-03      
9.28874989e+01      1.97634154e-02      
9.29624996e+01      3.89686034e-02      
9.30375004e+01      9.23935078e-02      
9.31125011e+01      1.45104104e-01      
9.31875019e+01      6.71961065e-01      
9.32625027e+01      8.27847747e-02      
9.33625031e+01      2.37667150e+01      
9.34875031e+01      7.17763832e-02      
9.36125031e+01      4.09944299e-02      
9.37375031e+01      1.64699206e-01      
9.38500023e+01      3.81229843e-02      
9.39500008e+01      4.69365571e-03      
9.40499992e+01      1.11408442e-01      
9.41499977e+01      3.36459267e-02      
9.42749977e+01      3.28726917e-02      
9.44249992e+01      8.70063402e+00      
9.45750008e+01      6.48257532e+00      
9.47250023e+01      8.58924453e-02      
9.48375025e+01      4.11451197e-02      
9.49125013e+01      2.39108743e-01      
9.49875002e+01      4.04486262e-01      
9.50624990e+01      8.28803677e-02      
9.51374989e+01      2.21129493e-02      
9.52124996e+01      6.38298881e-03      
9.52875004e+01      2.04540236e-02      
9.53625011e+01      1.14585751e+00      
9.54250011e+01      1.21170820e-02      
9.54750004e+01      3.13688273e-02      
9.55249996e+01      1.91958780e-02      
9.55749989e+01      4.60692539e-02      
9.56124983e+01      1.22927844e-01      
9.56374979e+01      1.62391230e-02      
9.56624975e+01      2.22838041e-02      
9.56874971e+01      1.17792773e-01      
9.57499971e+01      2.47090596e-02      
9.58499975e+01      2.26393762e-01      
9.59499979e+01      2.37450176e-02      
9.60499983e+01      5.20954073e-03      
9.61624985e+01      5.67958668e-03      
9.62874985e+01      3.11445909e-02      
9.64124985e+01      3.67633027e-02      
9.65374985e+01      4.96959661e-02      
9.66124983e+01      7.03979478e-03      
9.66374979e+01      9.70120236e-03      
9.66624975e+01      3.24787764e-02      
9.66874971e+01      1.79341359e-03      
9.67499971e+01      9.13063548e-03      
9.68499975e+01      2.58773157e-01      
9.69499979e+01      2.92907193e-01      
9.70499983e+01      4.10474276e-02      
9.71499987e+01      5.61203353e-01      
9.72499990e+01      3.60485752e-01      
9.73499994e+01      3.28689131e-02      
9.74499998e+01      5.84509558e-02      
9.75625000e+01      8.10667007e-03      
9.76875000e+01      6.72142199e-03      
9.78125000e+01      4.90566641e-02      
9.79375000e+01      7.38703746e-03      
9.80625000e+01      7.80341804e-03      
9.81875000e+01      6.94171512e-03      
9.83125000e+01      5.84224186e-01      
9.84375000e+01      2.55835705e-02      
9.85124998e+01      3.85020753e-02      
9.85374994e+01      5.37052701e-03      
9.85624990e+01      8.74767624e-03      
9.85874987e+01      7.57440719e-03      
9.86249990e+01      1.00035024e-02      
9.86750002e+01      7.86990618e-01      
9.87250013e+01      6.31653671e-02      
9.87750025e+01      4.90712277e-03      
9.88375025e+01      1.64201028e-01      
9.89125013e+01      1.46381818e-02      
9.89875002e+01      3.09981890e-01      
9.90624990e+01      3.77383541e-02      
9.91249990e+01      1.20677431e-02      
9.91750002e+01      9.48911182e-03      
9.92250013e+01      7.64318069e-03      
9.92750025e+01      4.71969416e-02      
9.93875029e+01      3.38339288e-01      
9.95625025e+01      1.17007496e-02      
9.97375021e+01      1.75988953e-01      
9.99125017e+01      1.48788291e-01      
1.00300001e+02      5.51903607e-02      
1.00900002e+02      1.06855805e-02      
1.01500002e+02      5.75379103e-02      
1.02100002e+02      7.52020044e-02      
1.02475001e+02      1.32434280e-01      
1.02625001e+02      2.04008072e-01      
1.02775001e+02      1.68447882e-01      
1.02925000e+02      5.53262329e-02      
1.03062500e+02      1.93644229e-01      
1.03187500e+02      1.60190977e+03      
1.03312500e+02      6.09707280e-02      
1.03437500e+02      3.08531339e-01      
1.03625000e+02      1.93083170e-01      
1.03875000e+02      2.68682369e+02      
1.04125000e+02      2.61902713e-01      
1.04375000e+02      5.59871036e-02      
1.04650000e+02      1.53979276e-01      
1.04949999e+02      3.16729830e-01      
1.05249998e+02      4.21695642e-01      
1.05549997e+02      1.72632607e-01      
1.05862497e+02      2.39694810e-01      
1.06187498e+02      6.04800126e-01      
1.06512499e+02      8.43600316e-01      
1.06837500e+02      3.22119765e-01      
1.07125000e+02      2.59826761e-01      
1.07375000e+02      2.79443424e-02      
1.07625000e+02      8.98706305e-02      
1.07875000e+02      1.46146166e-02      
1.08125000e+02      1.91721246e-02      
1.08375000e+02      4.97494561e-02      
1.08625000e+02      2.92606711e-02      
1.08875000e+02      1.67943489e-02      
1.09125000e+02      2.27964231e-02      
1.09375000e+02      9.39109512e-01      
1.09625000e+02      3.59756747e-01      
1.09875000e+02      1.17419611e-01      
1.10125000e+02      5.43486932e-01      
1.10375000e+02      3.97586561e-01      
1.10625000e+02      2.02382801e+00      
1.10875000e+02      2.80779318e-01      
1.11013889e+02      5.17469128e-01      
1.11041667e+02      2.38221423e-01      
1.11069445e+02      3.57915210e-01      
1.11097223e+02      1.72627464e+00      
1.11222223e+02      1.29899985e+00      
1.11444445e+02      4.95187356e-01      
1.11666667e+02      2.38146012e-01      
1.11888889e+02      2.41470720e-01      
1.12125000e+02      2.25596582e-01      
1.12375000e+02      4.57933463e-01      
1.12625000e+02      2.76575682e-01      
1.12875000e+02      4.49929056e-01      
1.13125000e+02      4.19691398e-02      
1.13375000e+02      4.77633299e-02      
1.13625000e+02      1.63989245e-02      
1.13875000e+02      2.67449898e-01      
1.14125000e+02      1.54244494e+01      
1.14375000e+02      1.19979672e-01      
1.14625000e+02      3.32214153e-02      
1.14875000e+02      5.73036508e-02      
1.15087500e+02      1.26751931e-01      
1.15262499e+02      3.63606446e-02      
1.15437498e+02      2.04020571e-02      
1.15612497e+02      1.34444588e+00      
1.15774998e+02      4.75672684e-01      
1.15924999e+02      6.99096897e-02      
1.16075001e+02      5.33136861e-01      
1.16225002e+02      5.09675491e-01      
1.16387503e+02      4.54731804e-01      
1.16562502e+02      6.20426810e-02      
1.16737501e+02      2.04697308e+00      
1.16912500e+02      1.58481408e-02      
1.17075000e+02      1.30898737e+00      
1.17224999e+02      2.71545393e-01      
1.17374999e+02      1.08494866e+00      
1.17524999e+02      1.25183507e+00      
1.17687499e+02      8.24518989e-02      
1.17862500e+02      5.06761212e-01      
1.18037501e+02      2.14842682e-02      
1.18212502e+02      6.66392421e-02      
1.18387503e+02      1.92349175e-02      
1.18562502e+02      3.36885077e-02      
1.18737501e+02      2.64519350e-02      
1.18912500e+02      6.01353907e-02      
1.19100000e+02      4.81662064e+00      
1.19300001e+02      3.46395514e-01      
1.19500002e+02      7.86665773e-01      
1.19700003e+02      4.80647140e+00      
1.19887503e+02      1.14120592e-01      
1.20062502e+02      2.73770742e+00      
1.20237501e+02      8.37090533e-02      
1.20412500e+02      3.02431157e+00      
1.20587500e+02      1.57762021e-01      
1.20762499e+02      2.40637204e-01      
1.20937498e+02      1.53356476e+00      
1.21112497e+02      9.89244074e-01      
1.21299997e+02      2.75735976e+00      
1.21499998e+02      6.53866227e+01      
1.21699999e+02      1.89054599e+01      
1.21900000e+02      2.73429407e+00      
1.22087500e+02      6.40271543e-01      
1.22262499e+02      3.92778110e-01      
1.22437498e+02      2.48565829e-01      
1.22612497e+02      1.74493306e-01      
1.22799997e+02      1.50422680e-01      
1.22999998e+02      1.17625069e-01      
1.23199999e+02      1.26038975e-01      
1.23400000e+02      8.97783024e-02      
1.23587500e+02      5.73139813e-02      
1.23762499e+02      6.92973715e-02      
1.23937498e+02      1.50102827e+01      
1.24112497e+02      1.56632443e-01      
1.24299997e+02      8.10748654e+00      
1.24499998e+02      1.97287134e-01      
1.24699999e+02      1.46734472e-01      
1.24900000e+02      1.70733136e-01      
1.25100000e+02      1.71979202e-01      
1.25300001e+02      1.67677825e-01      
1.25500002e+02      7.67492435e-01      
1.25700003e+02      1.27804736e+00      
1.25900002e+02      3.79394980e+00      
1.26100001e+02      7.09780158e-01      
1.26300000e+02      1.37852669e-01      
1.26499999e+02      2.85975105e+00      
1.26699999e+02      1.68404097e-01      
1.26900000e+02      1.17705705e-01      
1.27100000e+02      1.11009751e-01      
1.27300001e+02      2.09668864e-02      
1.27500001e+02      7.10648754e-02      
1.27700000e+02      1.93003643e-01      
1.27899999e+02      4.67116669e-02      
1.28099998e+02      2.23771910e-02      
1.28299997e+02      1.58909598e-02      
1.28499998e+02      4.39015920e-02      
1.28699999e+02      1.64932477e-01      
1.28900000e+02      8.59569349e-02      
1.29112499e+02      2.13793681e-02      
1.29337498e+02      6.60070795e-02      
1.29562496e+02      6.70009911e-02      
1.29787495e+02      4.08173603e-02      
1.29999994e+02      2.44150490e-01      
1.30199995e+02      1.15224695e-01      
1.30399996e+02      4.24650831e-01      
1.30599997e+02      3.87149516e+00      
1.30812498e+02      2.09723543e-01      
1.31037500e+02      2.46972790e+00      
1.31262503e+02      6.51690232e-02      
1.31487505e+02      4.24189496e-02      
1.31700005e+02      3.55142564e-02      
1.31900002e+02      5.97277607e-02      
1.32099998e+02      5.81555558e-02      
1.32299995e+02      2.59421556e-02      
1.32512495e+02      1.05107773e-01      
1.32737497e+02      7.71266110e-02      
1.32962500e+02      4.04655551e-02      
1.33187502e+02      1.85283617e-02      
1.33412502e+02      7.34490700e-01      
1.33637501e+02      7.19546043e-01      
1.33862499e+02      1.39410352e-01      
1.34087498e+02      3.22822987e-02      
1.34312498e+02      3.77542315e-02      
1.34537500e+02      8.66202277e-02      
1.34762503e+02      2.52784870e-02      
1.34987505e+02      3.52250433e-02      
1.35212505e+02      2.39455340e-02      
1.35437504e+02      4.91793518e-02      
1.35662502e+02      1.95136431e-01      
1.35887501e+02      2.77833673e-01      
1.36125000e+02      1.47596603e-01      
1.36375000e+02      8.12750045e-02      
1.36625000e+02      1.05195656e-01      
1.36875000e+02      1.61749480e-01      
1.37112499e+02      2.03379428e-01      
1.37337498e+02      8.87782080e-02      
1.37562496e+02      3.84221127e-02      
1.37787495e+02      1.27628175e-02      
1.38024994e+02      4.67358619e-02      
1.38274994e+02      3.38961441e-02      
1.38524994e+02      1.04718964e-01      
1.38774994e+02      2.24476712e-02      
1.39137495e+02      1.84492999e+00      
1.39612497e+02      4.82946887e-02      
1.40087500e+02      1.41942425e-01      
1.40562502e+02      6.34848705e-02      
1.41050003e+02      9.43785705e-02      
1.41550003e+02      1.23343946e-01      
1.42050003e+02      3.42294294e-02      
1.42550003e+02      2.85162558e-02      
1.42807146e+02      1.40460822e-02      
1.42821433e+02      1.67653748e-02      
1.42835719e+02      1.30689848e-02      
1.42850006e+02      9.60879600e-03      
1.43112505e+02      7.45402987e-01      
1.43623216e+02      2.28857154e-02      
1.44133927e+02      1.46273543e-02      
1.44644638e+02      4.77263678e-02      
1.45162495e+02      2.74758072e-02      
1.45687496e+02      6.10189516e-02      
1.46212498e+02      4.71641204e-02      
1.46737499e+02      1.77340424e-01      
1.47275000e+02      4.11062078e-01      
1.47824999e+02      8.17731878e-02      
1.48374998e+02      3.54253493e-02      
1.48924997e+02      1.68556565e-01      
1.49487497e+02      1.19250575e-01      
1.50062498e+02      4.91971624e-02      
1.50637499e+02      3.11371211e-02      
1.51212500e+02      2.44218162e-02      
1.51787500e+02      9.08117104e-02      
1.52362501e+02      3.43780237e-01      
1.52937502e+02      4.14029030e-01      
1.53512503e+02      3.44075042e-01      
1.54100002e+02      1.06176612e-01      
1.54700001e+02      1.42414331e-01      
1.55299999e+02      2.70153820e-01      
1.55899998e+02      1.28175235e-01      
1.56512497e+02      1.37996127e-01      
1.57137497e+02      8.51862088e-02      
1.57762497e+02      1.97947139e-01      
1.58387497e+02      3.48427472e-02      
1.59024998e+02      5.53390943e-02      
1.59674999e+02      6.33346703e-02      
1.60325001e+02      5.25742373e-02      
1.60975002e+02      1.31603600e-01      
1.61625002e+02      1.57179515e-01      
1.62275000e+02      1.83923905e-01      
1.62924997e+02      1.32559001e-01      
1.63574995e+02      1.24611883e-01      
1.64245829e+02      6.90830332e-02      
1.64937498e+02      2.37009663e-01      
1.65629167e+02      2.86209931e-01      
1.66320837e+02      4.44165167e-02      
1.66670837e+02      3.52590658e-02      
1.66679169e+02      1.95394621e-02      
1.66687500e+02      1.39190989e-02      
1.66695831e+02      4.25458895e-02      
1.67049997e+02      2.03293588e+00      
1.67749998e+02      1.49113493e-01      
1.68449999e+02      4.50142094e-01      
1.69150000e+02      1.37657886e-01      
1.69862499e+02      1.04179389e-01      
1.70587498e+02      6.24197954e-02      
1.71312496e+02      7.46023034e-02      
1.72037495e+02      6.25979567e+00      
1.72587494e+02      1.21260535e-01      
1.72962494e+02      8.42346487e-02      
1.73337494e+02      2.17964566e-01      
1.73712494e+02      1.19227604e-01      
1.74087494e+02      1.77136244e-01      
1.74462494e+02      2.36062554e-01      
1.74837494e+02      1.70841875e-01      
1.75212494e+02      7.69088375e-02      
1.75599995e+02      8.88866938e-02      
1.75999996e+02      9.09239893e-02      
1.76399998e+02      1.00386253e-01      
1.76799999e+02      1.06076183e+01      
1.77200001e+02      1.50442820e-01      
1.77600002e+02      1.48975567e-01      
1.78000004e+02      8.40275748e-02      
1.78400005e+02      7.57178684e-02      
1.78800005e+02      1.24413013e-01      
1.79200003e+02      6.98250496e-02      
1.79600000e+02      1.06161338e-01      
1.79999998e+02      1.58693088e-01      
1.80399998e+02      1.25520405e-01      
1.80799999e+02      6.53922969e-02      
1.81200001e+02      7.66180925e-01      
1.81600002e+02      4.13147527e-01      
1.82012503e+02      1.80532859e-01      
1.82437502e+02      3.14142094e-01      
1.82862501e+02      4.68185689e-01      
1.83287500e+02      1.67585731e-01      
1.83712500e+02      6.06947689e-01      
1.84137499e+02      2.84049863e-01      
1.84562498e+02      2.93903551e-01      
1.84987497e+02      1.32518559e-01      
1.85412497e+02      1.07316015e-01      
1.85837496e+02      3.83760035e-01      
1.86262495e+02      1.46972792e-01      
1.86687494e+02      1.82052263e-01      
1.87124994e+02      5.22973054e-01      
1.87574995e+02      1.68023422e-01      
1.88024996e+02      2.85410436e-01      
1.88474997e+02      5.57780479e-01      
1.88924997e+02      1.97648031e-01      
1.89374998e+02      4.00955456e-01      
1.89824999e+02      1.23187722e+00      
1.90275000e+02      1.96858550e+00      
1.90725000e+02      8.77063030e-01      
1.91175001e+02      1.66926662e+00      
1.91625002e+02      5.83041466e-01      
1.92075003e+02      3.47841992e-01      
1.92537502e+02      2.64505032e+00      
1.93012501e+02      1.45500584e+01      
1.93487499e+02      1.54826609e+01      
1.93962498e+02      3.55169850e+00      
1.94437498e+02      1.56269777e-01      
1.94912500e+02      4.01291149e-01      
1.95387503e+02      1.05340210e-01      
1.95862505e+02      8.49389485e-02      
1.96337505e+02      4.14434952e-02      
1.96812504e+02      1.24833776e-01      
1.97287502e+02      3.72396601e-02      
1.97762501e+02      7.21539288e-02      
1.98250000e+02      8.31419251e-02      
1.98750000e+02      1.40480322e-01      
1.99250000e+02      6.04669423e-01      
1.99750000e+02      3.19562078e-01      
2.00000000e+02      1.02050054e-01      
2.00000001e+02      9.67802651e-03      
2.00000002e+02      9.67802651e-03      
2.00000003e+02      1.35849377e-01      
2.00250003e+02      5.68992740e-02      
2.00750002e+02      1.01082061e-01      
2.01250001e+02      3.48089744e-01      
2.01750000e+02      8.93020143e-02      
2.02262501e+02      2.49837755e-01      
2.02787502e+02      3.04294272e+00      
2.03312504e+02      5.88876398e-02      
2.03837505e+02      9.69820315e-02      
2.04362505e+02      5.40471959e-02      
2.04887503e+02      4.66268510e-02      
2.05412500e+02      4.37454468e-02      
2.05937498e+02      1.47554481e-01      
2.06462498e+02      2.39048219e+00      
2.06987499e+02      5.67083882e-02      
2.07512501e+02      2.50528493e-01      
2.08037502e+02      2.14339995e-01      
2.08575003e+02      1.48017745e-01      
2.09125002e+02      1.11750871e-01      
2.09675001e+02      7.23888308e-02      
2.10225000e+02      6.88749828e-02      
2.10787500e+02      7.30156652e-02      
2.11362501e+02      9.57723925e-02      
2.11937502e+02      1.38416488e-01      
2.12512503e+02      9.05417157e-02      
2.13087503e+02      1.07620192e-01      
2.13662504e+02      1.71668883e-01      
2.14237505e+02      2.49296829e-01      
2.14812506e+02      1.50402528e-01      
2.15387505e+02      3.56464864e-01      
2.15962502e+02      2.02639470e-01      
2.16537498e+02      7.41644914e-02      
2.17112495e+02      1.11896045e-01      
2.17724995e+02      1.32091881e-01      
2.18374996e+02      1.87742971e-01      
2.19024998e+02      1.79489995e-01      
2.19674999e+02      1.16691178e-01      
2.20275000e+02      1.34221426e-01      
2.20824999e+02      1.28530583e-01      
2.21374998e+02      1.96352772e-01      
2.21924997e+02      3.08364941e-01      
2.22512497e+02      2.67920145e-01      
2.23137497e+02      2.41665877e-01      
2.23762497e+02      3.86307003e-01      
2.24387497e+02      6.46150106e-01      
2.25024998e+02      1.94072715e-01      
2.25674999e+02      4.91045641e-01      
2.26325001e+02      3.78131634e-01      
2.26975002e+02      2.92795130e-01      
2.27625002e+02      7.77205005e-02      
2.28275000e+02      6.37967198e-01      
2.28924997e+02      2.81987287e+00      
2.29574995e+02      2.59343648e-01      
2.30237495e+02      3.41530881e-01      
2.30912498e+02      3.72352890e+00      
2.31587502e+02      3.14049999e+00      
2.32262505e+02      2.26863832e-01      
2.32937506e+02      1.47877720e+00      
2.33612505e+02      1.15602427e+00      
2.34287504e+02      1.34434897e+00      
2.34962503e+02      1.52340672e+00      
2.35587884e+02      1.77648749e+00      
2.36163647e+02      2.01662799e+00      
2.36739410e+02      1.80868523e+00      
2.37315172e+02      1.50811845e+00      
2.37665173e+02      5.42756362e-01      
2.37789411e+02      9.34885022e-02      
2.37913649e+02      8.73003431e+00      
2.38037887e+02      1.05363700e+00      
2.38462505e+02      7.07030148e+00      
2.39187504e+02      5.84511066e+00      
2.39912502e+02      2.33635315e+00      
2.40637501e+02      3.54477087e+00      
2.41362499e+02      2.26815835e+00      
2.42087498e+02      7.71494193e-01      
2.42812496e+02      4.34502199e-01      
2.43537495e+02      5.70844410e-01      
2.44274994e+02      7.00663048e-01      
2.45024994e+02      6.40451069e-01      
2.45774994e+02      2.23906134e-01      
2.46524994e+02      3.32916675e-01      
2.47287495e+02      3.39323369e-01      
2.48062496e+02      3.07290106e-01      
2.48837498e+02      5.72407289e-01      
2.49612499e+02      1.87939100e+00      
2.50400000e+02      1.31316846e+00      
2.51199999e+02      5.25022742e-01      
2.51999998e+02      4.44009819e-01      
2.52799997e+02      1.43777791e+00      
2.53599997e+02      6.57466731e-01      
2.54399996e+02      1.76710228e+00      
2.55199995e+02      1.19620608e+00      
2.55999994e+02      1.46287439e+00      
2.56812496e+02      1.84542822e+00      
2.57637501e+02      1.62315852e+00      
2.58462505e+02      1.85490462e+00      
2.59287510e+02      1.66994437e+00      
2.60137512e+02      1.82556064e+00      
2.61012512e+02      1.73479861e+00      
2.61887512e+02      1.89922705e+00      
2.62762512e+02      3.01484846e+00      
2.63637512e+02      8.68461799e-01      
2.64512512e+02      6.66051311e-01      
2.65387512e+02      3.81482255e-01      
2.66262512e+02      3.40224491e-01      
2.67150009e+02      3.58308466e-01      
2.68050003e+02      5.43032749e-01      
2.68949997e+02      2.46091113e-01      
2.69849991e+02      2.97352440e-01      
2.70762489e+02      2.03995204e-01      
2.71687492e+02      1.73271876e+00      
2.72612495e+02      4.61409564e-01      
2.73537498e+02      7.41020937e-01      
2.74125601e+02      6.27065281e-01      
2.74376802e+02      9.14023081e-01      
2.74628003e+02      5.08629405e-01      
2.74879204e+02      1.40338687e+00      
2.75354202e+02      1.43221129e+00      
2.76052998e+02      4.57983917e-01      
2.76751794e+02      2.93664353e-01      
2.77450590e+02      3.01095088e-01      
2.78287491e+02      1.73504198e-01      
2.79262497e+02      2.36446981e+01      
2.80237503e+02      4.06436791e+01      
2.81212509e+02      3.54657434e-01      
2.82113240e+02      1.28334803e-01      
2.82939697e+02      2.10693621e-01      
2.83766153e+02      1.73978069e-01      
2.84592609e+02      1.72759290e-01      
2.85092609e+02      9.25593952e-02      
2.85266153e+02      6.90516993e-01      
2.85439697e+02      1.35634131e-01      
2.85613240e+02      5.83575647e-01      
2.86225010e+02      2.16607724e-01      
2.87275005e+02      2.48971526e-01      
2.88325001e+02      4.93735691e-01      
2.89374996e+02      2.54416545e-01      
2.90424995e+02      1.59167717e-01      
2.91474998e+02      3.40863727e-01      
2.92525002e+02      5.97103351e-01      
2.93575005e+02      1.78874683e-01      
2.94650005e+02      3.06107478e-01      
2.95750004e+02      6.27975162e-01      
2.96850002e+02      3.84907269e-01      
2.97950001e+02      1.33365844e-01      
2.99062500e+02      1.45527383e-01      
3.00187500e+02      6.28789523e-02      
3.01312500e+02      1.10190533e-01      
3.02437500e+02      1.01563000e-01      
3.03513304e+02      1.05526236e-01      
3.04539913e+02      8.83472149e-02      
3.05566522e+02      2.00610671e-01      
3.06593131e+02      7.55469404e-01      
3.07180632e+02      8.24627629e-02      
3.07329027e+02      1.92721097e-01      
3.07477421e+02      7.19323991e-02      
3.07625815e+02      3.89362461e+00      
3.08300011e+02      1.46989679e+00      
3.09500008e+02      3.04422523e-01      
3.10700005e+02      4.54168882e-01      
3.11900002e+02      2.75062348e-01      
3.13125000e+02      2.44125359e-01      
3.14375000e+02      1.94090043e-01      
3.15625000e+02      3.40849958e-01      
3.16875000e+02      1.51025244e+00      
3.18125000e+02      4.48747000e-01      
3.19375000e+02      6.73760548e-01      
3.20625000e+02      8.09104761e-01      
3.21875000e+02      1.02776819e+00      
3.23125000e+02      2.62171038e+00      
3.24375000e+02      2.88341577e+00      
3.25625000e+02      1.16694126e+00      
3.26875000e+02      6.94471869e-01      
3.27713409e+02      6.49215653e-01      
3.28140227e+02      4.56392287e-01      
3.28567045e+02      2.68797173e-01      
3.28993862e+02      4.46927570e-01      
3.29618862e+02      4.53063683e-01      
3.30442045e+02      1.85985551e-01      
3.31265227e+02      3.36148352e-01      
3.32088409e+02      1.12500520e+00      
3.33125000e+02      1.48501084e+00      
3.34375000e+02      2.40805774e+00      
3.35625000e+02      4.83819512e+00      
3.36875000e+02      8.17360544e-01      
3.37962972e+02      7.38537799e-01      
3.38888917e+02      1.91265603e+00      
3.39814862e+02      5.57638972e-01      
3.40740807e+02      1.76829334e-01      
3.41365807e+02      2.55081831e-01      
3.41689862e+02      3.36346103e-01      
3.42013917e+02      2.93447788e-01      
3.42337972e+02      2.30578965e-01      
3.42812500e+02      2.16292847e-01      
3.43437500e+02      1.92829097e-01      
3.44062500e+02      1.63818577e-01      
3.44687500e+02      3.07438870e-01      
3.46250000e+02      2.48562139e-01      
3.48750000e+02      2.32193547e-01      
3.51250000e+02      3.00856170e-01      
3.53750000e+02      1.93898359e-01      
3.56250000e+02      1.89227548e-01      
3.58750000e+02      2.05369483e-01      
3.61250000e+02      1.86316746e-01      
3.63750000e+02      2.30692568e-01      
3.66250000e+02      3.31374130e-01      
3.68750000e+02      6.23062048e-01      
3.71250000e+02      1.21510127e-01      
3.73750000e+02      1.19786018e-01      
3.76250000e+02      7.55012754e-01      
3.78750000e+02      2.38855155e-01      
3.81250000e+02      1.28723896e-01      
3.83750000e+02      1.66972066e-01      
3.85625050e+02      1.11090124e-01      
3.86875151e+02      9.29976478e-02      
3.88125252e+02      9.31488353e-02      
3.89375353e+02      3.37441723e-01      
3.90625353e+02      2.19777588e-01      
3.91875252e+02      1.99576426e-01      
3.93125151e+02      1.52701927e+00      
3.94375050e+02      9.98446285e-02      
3.96250000e+02      1.05839423e+00      
3.98750000e+02      5.33608183e-01      
4.01250000e+02      9.73278613e-01      
4.03750000e+02      2.36090485e-01      
4.06250000e+02      1.35959885e+00      
4.08750000e+02      3.58623578e+00      
4.11250000e+02      2.13870872e+00      
4.13750000e+02      7.91563270e-01      
4.16250000e+02      3.13743489e-01      
4.18750000e+02      2.31563673e-01      
4.21250000e+02      1.82780423e-01      
4.23750000e+02      1.02065889e-01      
4.26250000e+02      1.34178580e-01      
4.28750000e+02      2.73873765e-01      
4.31250000e+02      3.80750659e-01      
4.33750000e+02      1.98641260e+00      
4.36250000e+02      1.97769805e+00      
4.38750000e+02      1.84737150e+00      
4.41250000e+02      1.50148091e+00      
4.43750000e+02      9.99124216e-01      
4.45625561e+02      1.14563664e+00      
4.46876683e+02      1.27916917e+00      
4.48127805e+02      1.48123532e+00      
4.49378927e+02      2.00376466e+00      
4.50628927e+02      1.72351731e+00      
4.51877805e+02      1.26907229e+00      
4.53126683e+02      1.44386881e+00      
4.54375561e+02      1.74985412e+00      
4.56250000e+02      2.08888666e+00      
4.58750000e+02      1.07382299e+00      
4.61250000e+02      1.27908509e+00      
4.63750000e+02      6.67492082e-01      
4.66250000e+02      1.23403639e+00      
4.68750000e+02      1.09316972e+00      
4.71250000e+02      1.96885239e+00      
4.73750000e+02      2.31996752e+00      
4.76250000e+02      1.86925445e+00      
4.78750000e+02      1.25632504e+00      
4.81250000e+02      6.59267262e-01      
4.83750000e+02      1.22952874e+00      
4.86250000e+02      1.32353417e+00      
4.88750000e+02      1.97363976e+00      
4.91250000e+02      3.59713341e+00      
4.93750000e+02      6.09495804e+00      
4.96250000e+02      2.25751624e+00      
4.98750000e+02      9.58137105e-01      
5.01250000e+02      6.34926946e-01      
5.03750000e+02      1.35873584e+00      
5.06250000e+02      1.99848594e+00      
5.08750000e+02      3.43843562e+00      
5.11250000e+02      5.99167071e+00      
5.13750000e+02      5.74964023e+00      
5.16250000e+02      5.37450340e+00      
5.18750000e+02      7.80433110e-01      
5.21250000e+02      2.01590033e+00      
5.23750000e+02      3.28935424e+00      
5.26250000e+02      2.72461362e+00      
5.28750000e+02      4.21125241e+00      
5.31250000e+02      4.93657226e+00      
5.33750000e+02      4.04620033e+00      
5.35626888e+02      5.97554522e+00      
5.36880663e+02      3.62140564e+00      
5.38134438e+02      6.04230828e+00      
5.39388214e+02      5.55688632e+00      
5.40638214e+02      4.16712770e+00      
5.41884438e+02      7.12627129e+00      
5.43130663e+02      4.94332404e+00      
5.44376888e+02      6.51783772e+00      
5.45563869e+02      1.18460015e+00      
5.46691608e+02      2.03684600e+00      
5.47819347e+02      2.51061403e+00      
5.48947086e+02      3.31985595e+00      
5.50197086e+02      2.00645891e+00      
5.51569347e+02      2.76387694e+00      
5.52941608e+02      3.19883750e+00      
5.54313869e+02      4.42734913e+00      
5.56250000e+02      4.88767787e+00      
5.58750000e+02      3.83649369e+00      
5.61250000e+02      2.32845042e+00      
5.63750000e+02      2.34565986e+00      
5.65200540e+02      3.00116822e+00      
5.65601619e+02      3.63389792e+00      
5.66002698e+02      3.17014310e+00      
5.66403777e+02      2.50998602e+00      
5.67653777e+02      3.18685123e+00      
5.69752698e+02      4.05056704e+00      
5.71851619e+02      4.47069054e+00      
5.73950540e+02      5.99078137e+00      
5.76250000e+02      4.54927486e+00      
5.78750000e+02      5.47397183e+00      
5.81250000e+02      4.50500090e+00      
5.83750000e+02      3.99660266e+00      
5.86250000e+02      2.16538366e+00      
5.88750000e+02      9.21119745e-01      
5.91250000e+02      1.53706203e+00      
5.93750000e+02      2.37241843e+00      
5.96250000e+02      2.73155399e+00      
5.98750000e+02      3.53895052e+00      
6.01250000e+02      4.21881752e+00      
6.03750000e+02      5.67489363e+00      
6.05004234e+02      6.02277197e+00      
6.05012703e+02      1.15501284e+01      
6.05021172e+02      7.33094354e+00      
6.05029640e+02      6.44112597e+00      
6.06279640e+02      7.14147758e+00      
6.08771172e+02      9.58131108e+00      
6.11262703e+02      8.47731422e+00      
6.13754234e+02      1.21807675e+01      
6.16250000e+02      4.39757713e+00      
6.18750000e+02      3.04573449e+00      
6.21250000e+02      3.02876956e+00      
6.23750000e+02      2.72402261e+00      
6.26250000e+02      3.68989216e+00      
6.28750000e+02      4.06110916e+00      
6.31250000e+02      5.07383439e+00      
6.33750000e+02      6.10730999e+00      
6.36250000e+02      5.17104378e+00      
6.38750000e+02      5.17532811e+00      
6.41250000e+02      7.43141556e+00      
6.43750000e+02      7.45114036e+00      
6.46250000e+02      9.41309102e+00      
6.48750000e+02      9.07450732e+00      
6.51250000e+02      1.05879492e+01      
6.53750000e+02      1.31598741e+01      
6.56250000e+02      1.22850422e+01      
6.58750000e+02      1.19565742e+01      
6.61250000e+02      1.02708230e+01      
6.63750000e+02      9.58251013e+00      
6.65208336e+02      9.07712807e+00      
6.65625007e+02      5.95094160e+00      
6.66041679e+02      5.54191597e+00      
6.66458351e+02      6.82225714e+00      
6.67708351e+02      6.60575127e+00      
6.69791679e+02      5.52175216e+00      
6.71875007e+02      4.70742358e+00      
6.73958336e+02      5.47466093e+00      
6.76250000e+02      5.83312138e+00      
6.78750000e+02      5.79510325e+00      
6.81250000e+02      6.57445193e+00      
6.83750000e+02      7.54188451e+00      
6.85760623e+02      6.51492160e+00      
6.87281868e+02      6.24523698e+00      
6.88803113e+02      6.63346246e+00      
6.90324358e+02      6.72765166e+00      
6.91574358e+02      8.56931330e+00      
6.92553113e+02      1.06867531e+01      
6.93531868e+02      1.11426280e+01      
6.94510623e+02      1.27278441e+01      
6.96250000e+02      1.44763987e+01      
6.98750000e+02      1.88642030e+01      
7.01250000e+02      2.82281649e+01      
7.03750000e+02      3.62182417e+01      
7.06250000e+02      1.78273424e+01      
7.08750000e+02      8.60885456e+00      
7.11250000e+02      8.79179706e+00      
7.13750000e+02      5.98868621e+00      
7.16250000e+02      7.27187809e+00      
7.18750000e+02      9.52191464e+00      
7.21250000e+02      9.42186268e+00      
7.23750000e+02      1.37012405e+01      
7.26250000e+02      1.80581230e+01      
7.28750000e+02      2.61737065e+01      
7.31250000e+02      4.11370204e+01      
7.33750000e+02      4.71827506e+01      
7.36250000e+02      6.48448432e+01      
7.38750000e+02      7.04042544e+01      
7.41250000e+02      6.80873933e+01      
7.43750000e+02      7.18910324e+01      
7.45859962e+02      6.23963486e+01      
7.47579885e+02      6.91226654e+01      
7.49299808e+02      7.68666808e+01      
7.51019731e+02      7.34171905e+01      
7.52269731e+02      8.18535188e+01      
7.53049808e+02      7.95678507e+01      
7.53829885e+02      8.02108050e+01      
7.54609962e+02      9.51925408e+01      
7.56250000e+02      1.08386682e+02      
7.58750000e+02      7.90950555e+01      
7.61250000e+02      5.24755567e+01      
7.63750000e+02      2.33198838e+01      
7.66250000e+02      1.04229356e+01      
7.68750000e+02      1.24124251e+01      
7.71250000e+02      1.39756555e+01      
7.73750000e+02      3.19403846e+01      
7.75857604e+02      2.41772449e+01      
7.77572811e+02      3.04183375e+01      
7.79288018e+02      2.91032527e+01      
7.81003225e+02      3.77139809e+01      
7.82253225e+02      4.29935527e+01      
7.83038018e+02      3.61400835e+01      
7.83822811e+02      3.25089067e+01      
7.84607604e+02      3.98445504e+01      
7.86250000e+02      4.35430128e+01      
7.88750000e+02      5.75472634e+01      
7.91250000e+02      6.01555989e+01      
7.93750000e+02      5.76942768e+01      
7.96250000e+02      7.93057553e+01      
7.98750000e+02      7.99187305e+01      
8.01250000e+02      9.17334790e+01      
8.03750000e+02      1.08206308e+02      
8.06250000e+02      1.15356075e+02      
8.08750000e+02      1.37644178e+02      
8.11250000e+02      1.57886584e+02      
8.13750000e+02      1.80736235e+02      
8.16250000e+02      1.95987573e+02      
8.18750000e+02      1.18391930e+02      
8.21250000e+02      1.11723885e+02      
8.23750000e+02      1.51993311e+02      
8.26250000e+02      1.40605523e+02      
8.28750000e+02      1.19932330e+02      
8.31250000e+02      1.27719160e+02      
8.33750000e+02      1.09374688e+02      
8.35932497e+02      1.14743625e+02      
8.37797491e+02      1.13914502e+02      
8.39662485e+02      1.09465238e+02      
8.41527480e+02      1.33534803e+02      
8.42777480e+02      1.15522866e+02      
8.43412485e+02      8.85717754e+01      
8.44047491e+02      6.87934246e+01      
8.44682497e+02      4.85000872e+01      
8.46250000e+02      3.54599256e+01      
8.48750000e+02      4.20279059e+01      
8.51250000e+02      4.08336461e+01      
8.53750000e+02      5.12681433e+01      
8.56250000e+02      6.65616851e+01      
8.58750000e+02      7.11380071e+01      
8.61250000e+02      7.88434314e+01      
8.63750000e+02      9.23361395e+01      
8.66250000e+02      9.70440081e+01      
8.68750000e+02      9.33982095e+01      
8.71250000e+02      1.01682849e+02      
8.73750000e+02      1.12598086e+02      
8.76250000e+02      1.43028116e+02      
8.78750000e+02      1.67994681e+02      
8.81250000e+02      1.72468326e+02      
8.83750000e+02      1.86591654e+02      
8.85783196e+02      1.64073241e+02      
8.87349589e+02      7.92586780e+01      
8.88915982e+02      9.93803505e+01      
8.90482375e+02      1.10082352e+02      
8.91732375e+02      1.11134157e+02      
8.92665982e+02      1.43919682e+02      
8.93599589e+02      1.30074696e+02      
8.94533196e+02      1.07520920e+02      
8.96250000e+02      1.21498246e+02      
8.98750000e+02      1.45595261e+02      
9.01250000e+02      1.48193067e+02      
9.03750000e+02      1.54702174e+02      
9.06250000e+02      1.65222043e+02      
9.08750000e+02      1.90967233e+02      
9.11250000e+02      2.05684724e+02      
9.13750000e+02      2.35648692e+02      
9.16250000e+02      2.60091287e+02      
9.18750000e+02      2.47410858e+02      
9.21250000e+02      2.22034046e+02      
9.23750000e+02      1.58248371e+02      
9.26250000e+02      1.58710066e+02      
9.28750000e+02      1.34491394e+02      
9.31250000e+02      1.21041163e+02      
9.33750000e+02      1.47332905e+02      
9.36250000e+02      1.46233192e+02      
9.38750000e+02      1.44862979e+02      
9.41250000e+02      1.68607332e+02      
9.43750000e+02      1.69462860e+02      
9.46250000e+02      1.92653174e+02      
9.48750000e+02      2.10842040e+02      
9.51250000e+02      2.17671610e+02      
9.53750000e+02      2.18545696e+02      
9.55817304e+02      2.32419368e+02      
9.57451913e+02      2.57925888e+02      
9.59086521e+02      2.59120222e+02      
9.60721130e+02      2.15842160e+02      
9.61971130e+02      2.44015848e+02      
9.62836521e+02      2.77165604e+02      
9.63701913e+02      2.30004027e+02      
9.64567304e+02      2.15139022e+02      
9.66250000e+02      2.69996493e+02      
9.68750000e+02      2.41534089e+02      
9.71250000e+02      2.53205782e+02      
9.73750000e+02      2.00386751e+02      
9.76250000e+02      2.32538331e+02      
9.78750000e+02      2.31389075e+02      
9.81250000e+02      2.43130656e+02      
9.83750000e+02      2.25427565e+02      
9.86250000e+02      2.45907081e+02      
9.88750000e+02      2.61767937e+02      
9.91250000e+02      1.68593783e+02      
9.93750000e+02      2.15889926e+02      
9.96250000e+02      2.32116621e+02      
9.98750000e+02      2.04226283e+02      
1.00125000e+03      2.08806305e+02      
1.00375000e+03      2.16511044e+02      
1.00625000e+03      2.12336088e+02      
1.00875000e+03      2.33906967e+02      
1.01125000e+03      2.44136795e+02      
1.01375000e+03      2.40219316e+02      
1.01625000e+03      2.30225746e+02      
1.01875000e+03      2.61626345e+02      
1.02125000e+03      2.44113549e+02      
1.02375000e+03      2.70389711e+02      
1.02625000e+03      1.92249684e+02      
1.02875000e+03      2.21022626e+02      
1.03125000e+03      2.25124496e+02      
1.03375000e+03      2.08794551e+02      
1.03515868e+03      1.92157031e+02      
1.03547603e+03      2.16080430e+02      
1.03579339e+03      2.60190482e+02      
1.03611075e+03      2.50711334e+02      
1.03736075e+03      2.50526148e+02      
1.03954339e+03      2.39454694e+02      
1.04172603e+03      2.50637346e+02      
1.04390868e+03      2.68171276e+02      
1.04625000e+03      2.77481296e+02      
1.04875000e+03      2.67651905e+02      
1.05125000e+03      2.58341509e+02      
1.05375000e+03      3.06195963e+02      
1.05625000e+03      2.68342535e+02      
1.05875000e+03      2.62350428e+02      
1.06125000e+03      3.05108904e+02      
1.06375000e+03      2.90011468e+02      
1.06556484e+03      2.53886112e+02      
1.06669451e+03      2.86434634e+02      
1.06782418e+03      2.74811582e+02      
1.06895385e+03      3.10977341e+02      
1.07020385e+03      2.68841637e+02      
1.07157418e+03      2.87849886e+02      
1.07294451e+03      2.75679684e+02      
1.07431484e+03      3.12211159e+02      
1.07625000e+03      2.92474494e+02      
1.07875000e+03      3.22334202e+02      
1.08125000e+03      2.77985994e+02      
1.08375000e+03      3.20811863e+02      
1.08687500e+03      3.23291254e+02      
1.09062500e+03      3.03320614e+02      
1.09437500e+03      3.25675894e+02      
1.09812500e+03      2.98460023e+02      
1.10374294e+03      2.83409603e+02      
1.11122881e+03      2.78124967e+02      
1.11871468e+03      2.76275057e+02      
1.12620055e+03      2.99823208e+02      
1.13903128e+03      2.72509097e+02      
1.15720685e+03      3.07002914e+02      
1.17538242e+03      2.72870273e+02      
1.19355799e+03      2.92521043e+02      
1.21571375e+03      3.08855897e+02      
1.24184971e+03      2.94136477e+02      
1.26798566e+03      3.07817967e+02      
1.29412161e+03      3.00006670e+02      
1.32261778e+03      2.73541914e+02      
1.35347418e+03      1.94046593e+02      
1.38433059e+03      1.86879660e+02      
1.41518699e+03      1.60809266e+02      
1.44740644e+03      1.62446550e+02      
1.48098895e+03      1.61385019e+02      
1.51457146e+03      1.73719648e+02      
1.54815397e+03      1.82209818e+02      
1.58029753e+03      1.98810605e+02      
1.61100215e+03      2.10885469e+02      
1.64170676e+03      2.21158992e+02      
1.67241138e+03      2.23090765e+02      
1.70956790e+03      1.98172376e+02      
1.75317633e+03      1.56348158e+02      
1.79678476e+03      1.21796674e+02      
1.84039319e+03      1.03241292e+02      
1.88194796e+03      9.78430804e+01      
1.92144910e+03      9.89089228e+01      
1.96095023e+03      8.88222754e+01      
2.00045136e+03      8.59301257e+01      
2.04300708e+03      8.80893999e+01      
2.08861738e+03      9.25101224e+01      
2.13422769e+03      9.77747630e+01      
2.17983800e+03      9.91243894e+01      
2.23748645e+03      9.77403422e+01      
2.30717304e+03      8.66986830e+01      
2.37685964e+03      6.97860625e+01      
2.44654623e+03      5.37679866e+01      
2.50366265e+03      4.49195465e+01      
2.54820889e+03      3.96522116e+01      
2.59275514e+03      3.81673233e+01      
2.63730139e+03      3.78290545e+01      
2.69209120e+03      3.62225837e+01      
2.75712457e+03      3.10128271e+01      
2.82215795e+03      2.92888646e+01      
2.88719133e+03      2.74626988e+01      
2.95966840e+03      2.55346672e+01      
3.03958917e+03      2.49400644e+01      
3.11950994e+03      2.44114044e+01      
3.19943070e+03      2.45355120e+01      
3.28153443e+03      2.42643730e+01      
3.36582112e+03      2.43183993e+01      
3.45010781e+03      2.36594782e+01      
3.53439450e+03      2.32047664e+01      
3.63067350e+03      2.24031893e+01      
3.73894480e+03      2.18833010e+01      
3.84721610e+03      2.09558695e+01      
3.95548740e+03      1.94920263e+01      
4.02990538e+03      1.78823002e+01      
4.07047004e+03      1.63977486e+01      
4.11103469e+03      1.58100672e+01      
4.15159935e+03      1.47131249e+01      
4.21857828e+03      1.38059775e+01      
4.31197149e+03      1.21994215e+01      
4.40536469e+03      1.09248424e+01      
4.49875790e+03      1.00965876e+01      
4.58702880e+03      9.03440396e+00      
4.67017740e+03      8.83285892e+00      
4.75332600e+03      8.09964324e+00      
4.83647460e+03      8.06148371e+00      
4.90931845e+03      7.21819175e+00      
4.97185755e+03      6.91957723e+00      
5.03439665e+03      6.40890871e+00      
5.09693575e+03      5.98428297e+00      
5.16285533e+03      5.92516685e+00      
5.23215538e+03      5.63077350e+00      
5.30145544e+03      5.36702447e+00      
5.37075549e+03      5.09653061e+00      
5.44401556e+03      4.82384271e+00      
5.52123564e+03      4.59335977e+00      
5.59845573e+03      4.42374694e+00      
5.67567581e+03      4.22350366e+00      
5.75757587e+03      4.01127623e+00      
5.84415591e+03      3.97779398e+00      
5.93073595e+03      3.76548431e+00      
6.01731598e+03      3.66961192e+00      
6.10948187e+03      3.53904835e+00      
6.20723361e+03      3.43446528e+00      
6.30498534e+03      3.26236404e+00      
6.40273708e+03      3.00191112e+00      
6.50723028e+03      2.64411139e+00      
6.61846495e+03      2.30949572e+00      
6.72969961e+03      2.15241670e+00      
6.84093428e+03      2.04041439e+00      
6.96040857e+03      1.95547536e+00      
7.08812249e+03      1.84311578e+00      
7.21583641e+03      1.79226206e+00      
7.34355032e+03      1.68044737e+00      
7.46187353e+03      1.61506351e+00      
7.57080603e+03      1.51807779e+00      
7.67973852e+03      1.44266601e+00      
7.78867102e+03      1.42011035e+00      
7.90441173e+03      1.29260808e+00      
8.02696067e+03      1.24899577e+00      
8.14950961e+03      1.15305755e+00      
8.27205855e+03      1.13103595e+00      
8.41982520e+03      1.04690934e+00      
8.59280956e+03      9.85303728e-01      
8.76579392e+03      9.29568429e-01      
8.93877828e+03      8.94437988e-01      
9.07082057e+03      8.50557660e-01      
9.16192079e+03      8.26621159e-01      
9.25302100e+03      7.84339088e-01      
9.34412122e+03      7.74547640e-01      
9.46596241e+03      7.44734851e-01      
9.61854458e+03      7.01531886e-01      
9.77112675e+03      6.65784241e-01      
9.92370892e+03      6.30989167e-01      
1.00797873e+04      5.95680350e-01      
1.02393618e+04      5.74207945e-01      
1.03989363e+04      5.37003039e-01      
1.05585108e+04      5.08829901e-01      
1.07370822e+04      4.77496453e-01      
1.09346507e+04      4.49128475e-01      
1.11322191e+04      4.07709164e-01      
1.13297875e+04      3.81267208e-01      
1.15625002e+04      3.54733392e-01      
1.18303573e+04      3.19292515e-01      
1.20982144e+04      3.01612058e-01      
1.23660715e+04      2.69778825e-01      
1.26736112e+04      2.46982650e-01      
1.30208335e+04      2.26241124e-01      
1.33680558e+04      2.02487121e-01      
1.37152781e+04      1.86754582e-01      
1.40268412e+04      1.74097052e-01      
1.43027449e+04      1.60180643e-01      
1.45786486e+04      1.45165804e-01      
1.48545523e+04      1.36789674e-01      
1.51443729e+04      1.30112383e-01      
1.54481106e+04      1.18028123e-01      
1.57518482e+04      1.08656925e-01      
1.60555859e+04      9.75487754e-02      
1.64751008e+04      9.21144482e-02      
1.70103929e+04      8.23777011e-02      
1.75456851e+04      7.29831563e-02      
1.80809772e+04      6.60396920e-02      
1.85802979e+04      6.00893935e-02      
1.90436473e+04      5.31879629e-02      
1.95069966e+04      4.87138985e-02      
1.99703460e+04      4.51577242e-02      
2.05176771e+04      4.04008970e-02      
2.11489899e+04      3.48678473e-02      
2.17803028e+04      3.26255782e-02      
2.24116156e+04      2.95459915e-02      
2.31758368e+04      2.51861046e-02      
2.40729663e+04      2.17111417e-02      
2.49700959e+04      1.95064933e-02      
2.58672254e+04      1.63099950e-02      
2.68141952e+04      1.47528322e-02      
2.78110051e+04      1.25709578e-02      
2.88078151e+04      1.08457991e-02      
2.98046250e+04      9.43690810e-03      
3.09794371e+04      8.16695954e-03      
3.23322513e+04      6.92488879e-03      
3.36850655e+04      6.01131695e-03      
3.50378797e+04      4.90567591e-03      
3.69318190e+04      4.16629219e-03      
3.93668833e+04      3.36957646e-03      
4.18019476e+04      2.69108378e-03      
4.42370119e+04      2.12026511e-03      
4.75852261e+04      1.63161474e-03      
5.18465900e+04      1.20524235e-03      
5.61079540e+04      8.67307518e-04      
6.03693180e+04      6.58063039e-04      
6.71875000e+04      4.44683281e-04      
7.65625000e+04      2.76533407e-04      
8.59375000e+04      1.76468299e-04      
9.53125000e+04      1.20979550e-04      
1.00000000e+05      9.68966511e-05      
